201001075
201001603
201002558
201002802
201003247
201005915
201006408
201006540
201006551
201006724
201007046
201007590
201008057
201008566
201009072
201103808
201103914
201103929
201105979
201107168
201108417
201108768
201108965
201109486
201202177
201202383
201202458
201202535
201203227
201203318
201204079
201206698
201207834
201208096
201208576
201209020
201209141
201209610
201209653
201209911
201301640
201303169
201304063
201304843
201304950
201306868
201307025
201307616
201307730
201308285
201309039
201309520
201401917
201402249
201402516
201402742
201403269
201403292
201403369
201407592
201501314
201503099
201504350
201505433
201505861
201506254
201506408
201506524
201506721
201506894
201507351
201507784
201507857
201508391
201508408
201508511
201508758
201601102
201601184
201602300
201602965
201604717
201605821
201605890
201606212
201606697
201606765
201607161
201607177
201607834
201607922
201608612
201609771
201702442
201702604
201702764
201704487
201704610
201705633
201706981
201708252
201801083
201801190
201803696
201804477
201804610
201804741
201804874
201805453
201805862
201807407
201808193
201808429
201808781
201901214
201902748
201904273
201904360
201904570
201905430
201906153
201907719
201908097
201909987
